{"58d463c1484245f2924ab9231a417687.material": {"flat": false, "cullState": {"frontFace": "CCW", "enabled": true, "cullFace": "Back"}, "uniforms": {"opacity": {"enabled": false, "value": 1}, "refractivity": {"enabled": false, "value": 0}, "materialAmbient": {"enabled": true, "value": [1, 1, 1, 1]}, "materialSpecular": {"enabled": true, "value": [0, 0, 0, 1]}, "fresnel": {"enabled": true, "value": 0}, "reflectivity": {"enabled": true, "value": 0}, "materialSpecularPower": {"enabled": true, "value": 64}, "materialDiffuse": {"enabled": true, "value": [0, 0, 0, 1]}, "vertexColorAmount": {"enabled": true, "value": 1}, "materialEmissive": {"enabled": true, "value": [0, 0, 0, 1]}, "discardThreshold": {"enabled": true, "value": 0.1}, "normalMultiplier": {"enabled": true, "value": 1}, "etaRatio": {"enabled": true, "value": -0.5}, "wrapSettings": {"enabled": true, "value": [0, 0]}}, "name": "Material 4", "license": "CC0", "created": "2015-07-07T20:26:57.565Z", "deleted": false, "id": "58d463c1484245f2924ab9231a417687.material", "wireframe": false, "dataModelVersion": 2, "blendState": {"blendSrc": "SrcAlphaFactor", "blendDst": "OneMinusSrcAlphaFactor", "blendEquation": "AddEquation", "blending": "NoBlending"}, "modified": "2015-07-07T20:48:46.953659+00:00", "dualTransparency": false, "depthState": {"write": true, "enabled": true}, "shaderRef": "GOO_ENGINE_SHADERS/uber", "texturesMapping": {"DIFFUSE_MAP": {"enabled": true, "textureRef": "8fd124fb4663487f8ad37e1866a19497.texture"}}, "renderQueue": -1}, "1839f0d97fde4a2a89864c50da9e3ce2.material": {"flat": false, "cullState": {"frontFace": "CCW", "enabled": true, "cullFace": "Back"}, "uniforms": {"opacity": {"enabled": false, "value": 1}, "refractivity": {"enabled": false, "value": 0}, "materialAmbient": {"enabled": true, "value": [0.1, 0.1, 0.1, 1]}, "materialSpecular": {"enabled": true, "value": [0.6, 0.6, 0.6, 1]}, "fresnel": {"enabled": true, "value": 0}, "vertexColorAmount": {"enabled": true, "value": 1}, "materialSpecularPower": {"enabled": true, "value": 64}, "materialDiffuse": {"enabled": true, "value": [0.8, 0.8, 0.8, 1]}, "reflectivity": {"enabled": true, "value": 0}, "materialEmissive": {"enabled": true, "value": [0, 0, 0, 1]}, "discardThreshold": {"enabled": true, "value": 0.1}, "normalMultiplier": {"enabled": true, "value": 1}, "etaRatio": {"enabled": true, "value": -0.5}, "wrapSettings": {"enabled": true, "value": [0, 0]}}, "name": "Material", "license": "CC0", "created": "2015-07-06T14:59:08.214602+00:00", "deleted": false, "id": "1839f0d97fde4a2a89864c50da9e3ce2.material", "wireframe": false, "dataModelVersion": 2, "blendState": {"blendDst": "OneMinusSrcAlphaFactor", "blendSrc": "SrcAlphaFactor", "blendEquation": "AddEquation", "blending": "NoBlending"}, "modified": "2015-07-07T19:15:10.120038+00:00", "dualTransparency": false, "depthState": {"write": true, "enabled": true}, "shaderRef": "GOO_ENGINE_SHADERS/uber", "texturesMapping": {}, "renderQueue": -1}, "bdeab7a0bf0c49faa496ecccab941aa0.entity": {"name": "Box 5", "license": "CC0", "tags": {}, "deleted": false, "created": "2015-07-07T19:50:25.855Z", "dataModelVersion": 2, "modified": "2015-07-07T19:50:40.004853+00:00", "static": false, "components": {"transform": {"translation": [-1.2752621173858643, 0.02259170264005661, 0], "scale": [1, 1, 1], "rotation": [0, 0, 0]}, "meshRenderer": {"reflectable": true, "materials": {"1839f0d97fde4a2a89864c50da9e3ce2.material": {"materialRef": "1839f0d97fde4a2a89864c50da9e3ce2.material", "sortValue": 0}}, "receiveShadows": true, "cullMode": "Dynamic", "castShadows": true}, "meshData": {"shape": "Box", "shapeOptions": {"textureMode": "Uniform"}}}, "hidden": false, "id": "bdeab7a0bf0c49faa496ecccab941aa0.entity"}, "6687c35ee3c4423080fa77e67798c895.entity": {"name": "Box 3", "license": "CC0", "tags": {}, "deleted": false, "created": "2015-07-07T19:50:17.261Z", "dataModelVersion": 2, "modified": "2015-07-07T19:50:20.921115+00:00", "static": false, "components": {"transform": {"translation": [1.3447715044021606, -1.1175870895385742e-08, 0], "scale": [1, 1, 1], "rotation": [0, 0, 0]}, "meshRenderer": {"reflectable": true, "materials": {"1839f0d97fde4a2a89864c50da9e3ce2.material": {"materialRef": "1839f0d97fde4a2a89864c50da9e3ce2.material", "sortValue": 0}}, "receiveShadows": true, "cullMode": "Dynamic", "castShadows": true}, "meshData": {"shape": "Box", "shapeOptions": {"textureMode": "Uniform"}}}, "hidden": false, "id": "6687c35ee3c4423080fa77e67798c895.entity"}, "e3c4e7c2a7de47ceb70333402194214e.entity": {"name": "goon_mesh", "license": "CC0", "tags": {}, "deleted": false, "created": "2015-07-07T20:33:13.447254+00:00", "dataModelVersion": 2, "modified": "2015-07-07T20:33:13.447254+00:00", "static": false, "components": {"transform": {"rotation": [0, 0, 0], "scale": [1, 1, 1], "translation": [0, 0, 0]}, "meshRenderer": {"receiveShadows": true, "materials": {"8c6b483d25e74b6a8a1701f96f13d1c3.material": {"materialRef": "8c6b483d25e74b6a8a1701f96f13d1c3.material", "sortValue": 0}}, "reflectable": true, "cullMode": "Never", "castShadows": true}, "meshData": {"meshRef": "0404a67d8d9341f58e85c840fb1581c6.mesh", "poseRef": "9d511d62b4c44cc69f71cc4e68fd3750.skeleton"}}, "hidden": false, "id": "e3c4e7c2a7de47ceb70333402194214e.entity"}, "9d511d62b4c44cc69f71cc4e68fd3750.skeleton": {"name": "Skeleton", "license": "CC0", "created": "2015-07-07T20:33:14.357489+00:00", "deleted": false, "joints": {"6c480532ab8141ecae19351db7c3c7a7.joint": {"index": 4, "name": "Chest_M", "inverseBindPose": [5.053215498074303e-16, -5.053215498074303e-16, 1, 0, 1, -5.5511151231257574e-17, -5.053215498074303e-16, 0, 5.551115123125783e-17, 1, 5.053215498074303e-16, 0, -0.9782225476959748, 5.369048410330935e-05, 5.711918746644751e-16, 1], "parentIndex": 3}, "2e418fdd3412488fa112f14adb9b9d12.joint": {"index": 53, "name": "HipPart2_L", "inverseBindPose": [5.052794576216967e-16, -4.987994025147475e-16, 1, 0, 0.9999167021755755, 0.012906924897955306, -4.987994025147475e-16, 0, -0.012906924897955306, 0.9999167021755755, 5.052794576216967e-16, 0, -0.2272172486763159, -0.014463969340992719, -0.21238759070710186, 1], "parentIndex": 52}, "01eb6b3b20f34063a4c87412d1ef0fe8.joint": {"index": 15, "name": "MiddleFinger3_R", "inverseBindPose": [-0.3403654667924496, -0.9402859008613783, -0.0037112877097663587, 0, -0.9402170960584163, 0.3402850348698686, 0.014067953763521735, 0, -0.011965002910079283, 0.008277661802649479, -0.9998941539085245, 0, 0.17783644643898294, -0.7297426575068846, -0.048425099760413766, 1], "parentIndex": 14}, "2e155422825f4e35a066ab3205b81e32.joint": {"index": 10, "name": "ElbowPart1_R", "inverseBindPose": [-0.4725404030492374, -0.7865578114743315, -0.397532862408599, 0, -0.8666988918935129, 0.49653806145961327, 0.04778058509986692, 0, 0.15980800441974244, 0.3671195482818086, -0.9163430793064031, 0, 0.3848876434709125, -0.7463733991944224, -0.27957521001041336, 1], "parentIndex": 9}, "908174996a69477bb27930a9ab0a6e18.joint": {"index": 3, "name": "BackB_M", "inverseBindPose": [5.053215498074303e-16, -5.053215498074303e-16, 1, 0, 1, -5.5511151231257574e-17, -5.053215498074303e-16, 0, 5.551115123125783e-17, 1, 5.053215498074303e-16, 0, -0.8444368153474675, 5.3690836102219085e-05, 4.3314917002012246e-16, 1], "parentIndex": 2}, "5bc0524db8924fff9af67ef3076f2b36.joint": {"index": 1, "name": "Root_M", "inverseBindPose": [5.053215498074303e-16, -5.053215498074303e-16, 1, 0, 1, 2.5534986869978324e-31, -5.053215498074303e-16, 0, 0, 1, 5.053215498074303e-16, 0, -0.31315954698487614, -3.469446951953694e-18, 1.5824626761939034e-16, 1], "parentIndex": -32768}, "6dc3d1dc82324075948f026cafad4c47.joint": {"index": 9, "name": "Elbow_R", "inverseBindPose": [-0.4725404030492374, -0.6935270762553903, -0.5438067322006176, 0, -0.8666988918935128, 0.47757975130131636, 0.1440507269593912, 0, 0.1598080044197423, 0.5393864807794342, -0.8267548766567735, 0, 0.47379229559986236, -0.677209562181276, -0.42026510055905175, 1], "parentIndex": 8}, "0079524f2064445d9841c54ba10f5e90.joint": {"index": 39, "name": "ThumbFinger2_L", "inverseBindPose": [0.07947080408080083, 0.16762200848976405, -0.9826429939548789, 0, 0.8059160032338637, -0.59095682651447, -0.03562898998709962, 0, -0.586671788166352, -0.7890962498110129, -0.18205307331624673, 0, -0.41016425530402406, 0.23243253961019447, 0.628402338517637, 1], "parentIndex": 38}, "211bed3429bb44189c7d6cc1b6ff7fe2.joint": {"index": 8, "name": "ShoulderPart2_R", "inverseBindPose": [-0.6631969270176188, -0.5736637849432016, -0.480707497173726, 0, -0.7445395568651592, 0.44014384168321496, 0.5019305199839653, 0, -0.07635891734054379, 0.6907845253572069, -0.7190174234812388, 0, 0.38451195408910455, -0.5818444564639308, -0.6684684376321945, 1], "parentIndex": 7}, "3c4e53c6e500476ca5b4bcb6b1d4d580.joint": {"index": 43, "name": "IndexFinger3_L", "inverseBindPose": [-0.3474529031481066, -0.9340432609487067, -0.08270227790245868, 0, 0.897001315719805, -0.35677923248592175, 0.2609544382908498, 0, -0.2732491897351005, 0.016485325082008832, 0.961802014120396, 0, -0.12948788054077534, 0.7251492611077743, -0.08516124596700914, 1], "parentIndex": 42}, "fc38e968730c430c925a4fe65a52064a.joint": {"index": 49, "name": "MiddleToe1_R", "inverseBindPose": [-0.02357378266429007, -0.0028142853928386255, 0.9997181385613773, 0, -0.2802536665143812, -0.9598808229943823, -0.009310641915224181, 0, 0.9596364724082466, -0.28039416086173247, 0.021839308104928557, 0, -0.02183356826360282, 0.021693245997722935, 0.21199369818557603, 1], "parentIndex": 48}, "96956924e5dc44e4b0823ac8769e6ff2.joint": {"index": 19, "name": "IndexFinger1_R", "inverseBindPose": [-0.2519564222894855, -0.9641982612747451, -0.08270232295311815, 0, -0.9282793514144515, 0.2649532689634105, -0.2609544232297466, 0, 0.27352405196737206, 0.01102171585380583, -0.9618020143329857, 0, 0.2891143972599556, -0.7344810455054724, 0.10403045073343543, 1], "parentIndex": 12}, "efcd51acc0ad4bb7a2d2df8d9ea245fc.joint": {"index": 12, "name": "Wrist_R", "inverseBindPose": [-0.3170654105254123, -0.9484036722031132, 2.613058439759487e-08, 0, -0.9484036722031103, 0.31706541052541337, 7.297125852359427e-08, 0, -7.749131401835194e-08, -1.645680159152862e-09, -0.999999999999997, 0, 0.34401325172232006, -0.7480231883089429, -0.015271371849580344, 1], "parentIndex": 11}, "085d3f86ab78437780f71e92cd0c5078.joint": {"index": 56, "name": "MiddleToe1_L", "inverseBindPose": [-0.023573545815345702, -0.0028143545934753707, 0.9997181439515402, 0, 0.28025366667683005, 0.9598808229469509, 0.00931064191531342, 0, -0.959636478179046, 0.28039416032953535, -0.021839061362861442, 0, 0.021833517925012334, -0.02169323130692022, -0.21199369801397452, 1], "parentIndex": 55}, "68b3890ffa704ec98015939b8f360cc5.joint": {"index": 55, "name": "Ankle_L", "inverseBindPose": [1.0438367409680422e-10, -0.00033388197891996333, 0.999999944261411, 0, 0.9999999999999731, 2.3286768091673505e-07, -2.663335345032491e-11, 0, -2.328676590446222e-07, 0.9999999442613838, 0.0003338819789199786, 0, -0.04688920494696585, 0.005363203976873404, -0.2123858118631065, 1], "parentIndex": 54}, "d5e24de03f3d4986b07ccab587fe1abd.joint": {"index": 0, "name": "FKOffsetRoot_M", "inverseBindPose": [5.053215498074303e-16, -5.053215498074303e-16, 1, 0, 1, 2.5534986869978324e-31, -5.053215498074303e-16, 0, 0, 1, 5.053215498074303e-16, 0, -0.313159546984876, -7.996524920467168e-32, 1.5824626761939034e-16, 1], "parentIndex": -32768}, "10dff574a46e4551be9c3d7a926b0522.joint": {"index": 42, "name": "IndexFinger2_L", "inverseBindPose": [-0.2519564351013111, -0.9641982617909979, -0.08270227790245868, 0, 0.9282793471312669, -0.26495326913600264, 0.26095443829084985, 0, -0.27352405470193447, -0.011021666541935345, 0.9618020141203962, 0, -0.24295099405981532, 0.7347146275727738, -0.09683772884679659, 1], "parentIndex": 41}, "0bba36e7f2d843faa0d26616ea87754d.joint": {"index": 25, "name": "Head_M", "inverseBindPose": [6.694250374423872e-16, -2.208366779854911e-16, 0.9999999999999998, 0, 0.9203411969156223, 0.39111645485701474, -5.297265816089267e-16, 0, -0.39111645485701474, 0.9203411969156223, 4.650682399770277e-16, 0, -1.0937794328054153, -0.46476398655604517, 7.667789669256809e-17, 1], "parentIndex": 24}, "070298a73f5f4ea1a7095d735eff6780.joint": {"index": 16, "name": "ThumbFinger1_R", "inverseBindPose": [-0.24924761371982512, 0.07728869230058774, -0.9653507575474518, 0, -0.9324799175040109, 0.2499574346983631, 0.26077285957462565, 0, 0.2614513922446899, 0.9651672077321523, 0.009768859290348951, 0, 0.3519684292137786, -0.13051247825004625, -0.7183720313716876, 1], "parentIndex": 12}, "883b7f9f551741b98ba1f96ec60c86ae.joint": {"index": 36, "name": "MiddleFinger2_L", "inverseBindPose": [-0.27945828081757035, -0.9601506631636803, -0.003711240874876999, 0, 0.9600768491611719, -0.2793824203886194, -0.014067938105923286, 0, 0.012470484643479548, -0.007494478243359371, 0.9998941543026523, 0, -0.262858032506394, 0.7485802687749735, 0.052878962973195456, 1], "parentIndex": 35}, "cfbd23d8976c462abb808e771e93290a.joint": {"index": 47, "name": "Knee_R", "inverseBindPose": [-3.795722541848954e-16, 5.553643982178592e-16, 1, 0, -0.9914207737509839, 0.13070902560650008, -4.489069572859906e-16, 0, -0.13070902560650005, -0.991420773750984, 5.009862819031287e-16, 0, 0.17925435945633636, -0.01137574106473822, 0.21238759070710217, 1], "parentIndex": 46}, "362895c41ae146f0add886f4d577c3c8.joint": {"index": 41, "name": "IndexFinger1_L", "inverseBindPose": [-0.25195643510131127, -0.9641982617909979, -0.08270227790245874, 0, 0.9282793471312666, -0.26495326913600276, 0.26095443829084985, 0, -0.27352405470193447, -0.011021666541935343, 0.9618020141203961, 0, -0.2891143870515429, 0.734481046579317, -0.1040304857042515, 1], "parentIndex": 34}, "2b77eef917f5489a9eac290bd6a28a73.joint": {"index": 26, "name": "Hair_M", "inverseBindPose": [5.053215498074303e-16, -5.053215498074306e-16, 1, 0, 1, -6.106226635438358e-16, -5.053215498074306e-16, 0, 6.106226635438361e-16, 1, 5.053215498074303e-16, 0, -1.4929449349959634, 0.12946431618581236, 3.1998754938765357e-16, 1], "parentIndex": 25}, "1adbe565f9b54088a2ac942ef9d5ac74.joint": {"index": 46, "name": "HipPart2_R", "inverseBindPose": [-3.828249787483669e-16, 5.003800449410592e-16, 1, 0, -0.9999167021755755, -0.012906924897954673, -3.763347226000124e-16, 0, 0.012906924897954673, -0.9999167021755755, 5.052794576216966e-16, 0, 0.22721722850999385, 0.014463969340992772, 0.2123875907071022, 1], "parentIndex": 45}, "7b62a265f3b24dc0a91c956ce7479a70.joint": {"index": 32, "name": "ElbowPart1_L", "inverseBindPose": [-0.4725404030492371, -0.7865578247080068, -0.3975328362244718, 0, 0.8666988918935133, -0.49653806305020526, -0.047780568570355744, 0, -0.15980800441974305, -0.3671195177771931, 0.9163430915276328, 0, -0.384887680679532, 0.7463734085013444, 0.27957518516400326, 1], "parentIndex": 31}, "cfe022f08d5840a99718185b7fd88439.joint": {"index": 50, "name": "MiddleToe2_R", "inverseBindPose": [-1.0726644774004472e-06, -9.471022469863575e-07, 0.9999999999989766, 0, -0.39213604985448036, -0.9199072335854612, -1.2918766189361471e-06, 0, 0.9199072335857433, -0.39213604985546474, 6.153588780293069e-07, 0, -0.07314458125473781, 0.031179615556037862, 0.21379041194238305, 1], "parentIndex": 49}, "233d2952df0c47c88a67e92a9a340f4f.joint": {"index": 52, "name": "HipPart1_L", "inverseBindPose": [5.052794576216967e-16, -4.987994025147475e-16, 1, 0, 0.9999167021755755, 0.012906924897955306, -4.987994025147475e-16, 0, -0.012906924897955306, 0.9999167021755755, 5.052794576216967e-16, 0, -0.27540284347033334, -0.014463969340992335, -0.21238759070710186, 1], "parentIndex": 51}, "8cabcb0812fd4643aa4ba1a4f9b5ed7a.joint": {"index": 5, "name": "Scapula_R", "inverseBindPose": [-0.5717846154860236, 0.8030770239832679, 0.16771895254764677, 0, 0.8146161867100475, 0.5800004037498445, 2.9419309892648285e-08, 0, -0.09727703656816429, 0.13662659038487604, -0.9858348507515454, 0, -0.9560066697738209, -0.39927908700817816, 0.010409496848048675, 1], "parentIndex": 4}, "63b478d5aa5c41d780bb8ff5eeb09192.joint": {"index": 34, "name": "Wrist_L", "inverseBindPose": [-0.31706541052541026, -0.9484036722031115, 7.297043174184826e-08, 0, 0.9484036722031117, -0.31706541052541454, -5.731200251871289e-08, 0, 7.749131354650715e-08, 5.103377181958632e-08, 0.9999999999999953, 0, -0.3440132517223214, 0.7480231890631646, 0.015271334906142419, 1], "parentIndex": 33}, "a86984555c9444b68ea7d564543a32ac.joint": {"index": 35, "name": "MiddleFinger1_L", "inverseBindPose": [-0.23697806178680467, -0.9715048954669446, 0.004431288247288382, 0, 0.9714065873695915, -0.23701729177932626, -0.013858045048189814, 0, 0.014513450545383706, 0.0010205299382751365, 0.9998941535342183, 0, -0.32809469362919674, 0.7384354174381239, 0.047627463991371896, 1], "parentIndex": 34}, "fe4bf0da13c643aea7e8fc66c84e537d.joint": {"index": 44, "name": "Hip_R", "inverseBindPose": [-3.828249787483669e-16, 5.003800449410592e-16, 1, 0, -0.9999167021755755, -0.012906924897954673, -3.763347226000124e-16, 0, 0.012906924897954673, -0.9999167021755755, 5.052794576216966e-16, 0, 0.3235884706540498, 0.014463969340991966, 0.21238759070710211, 1], "parentIndex": 1}, "32f7f6ff3d26466ebdd0b511fb04a6b6.joint": {"index": 27, "name": "Scapula_L", "inverseBindPose": [-0.5717846154860233, 0.8030770239832673, 0.16771895254764616, 0, -0.8146161867100457, -0.5800004037498445, -2.9419310215662456e-08, 0, 0.09727703656816365, -0.13662659038487565, 0.9858348507515443, 0, 0.9560066697738175, 0.39927908700817866, -0.010409496848048089, 1], "parentIndex": 4}, "93e1ef460faa449fbcecabcfa4f30501.joint": {"index": 7, "name": "ShoulderPart1_R", "inverseBindPose": [-0.6631969270176188, -0.5736637849432016, -0.480707497173726, 0, -0.7445395568651592, 0.44014384168321496, 0.5019305199839653, 0, -0.07635891734054379, 0.6907845253572069, -0.7190174234812388, 0, 0.49640393161323876, -0.5818444564639302, -0.668468436038564, 1], "parentIndex": 6}, "e674ac6759d64cfab83bb9154cc97979.joint": {"index": 45, "name": "HipPart1_R", "inverseBindPose": [-3.828249787483669e-16, 5.003800449410592e-16, 1, 0, -0.9999167021755755, -0.012906924897954673, -3.763347226000124e-16, 0, 0.012906924897954673, -0.9999167021755755, 5.052794576216966e-16, 0, 0.27540284347033334, 0.014463969340992363, 0.21238759070710217, 1], "parentIndex": 44}, "b183ed8c96c942f2bb8a4717cd270f7c.joint": {"index": 29, "name": "ShoulderPart1_L", "inverseBindPose": [-0.6631969270176186, -0.5736637849432012, -0.4807074971737266, 0, 0.7445395568651595, -0.44014384168321413, -0.5019305199839658, 0, 0.07635891734054406, -0.6907845253572078, 0.7190174234812378, 0, -0.49640393904848074, 0.5818444564639296, 0.6684684360385647, 1], "parentIndex": 28}, "473bd71396284b218d86886d414ffc2c.joint": {"index": 23, "name": "NeckPart1_M", "inverseBindPose": [5.053215498074303e-16, -5.053215498074303e-16, 1, 0, 1, -5.5511151231257574e-17, -5.053215498074303e-16, 0, 5.551115123125783e-17, 1, 5.053215498074303e-16, 0, -1.136246681069244, 5.3690484103581125e-05, 7.753466483617481e-17, 1], "parentIndex": 22}, "25a48654e36e4391bd07da445d18955e.joint": {"index": 24, "name": "NeckPart2_M", "inverseBindPose": [5.053215498074303e-16, -5.053215498074303e-16, 1, 0, 1, -5.5511151231257574e-17, -5.053215498074303e-16, 0, 5.551115123125783e-17, 1, 5.053215498074303e-16, 0, -1.1623369230528076, 5.369048410358416e-05, 6.260554632287658e-17, 1], "parentIndex": 23}, "a291a3b6a5b845d2a97f66bbbe77ed88.joint": {"index": 40, "name": "ThumbFinger3_L", "inverseBindPose": [0.07947080408080083, 0.16762200848976405, -0.9826429939548789, 0, 0.8059160032338637, -0.59095682651447, -0.03562898998709962, 0, -0.586671788166352, -0.7890962498110129, -0.18205307331624673, 0, -0.37171576095532777, 0.20001734210467095, 0.6315626453857182, 1], "parentIndex": 39}, "9d03ac893e81483e8622a4c56fa59db1.joint": {"index": 54, "name": "Knee_L", "inverseBindPose": [2.8084664788112274e-16, -5.423484032497955e-16, 1, 0, 0.9914207737509837, -0.13070902560650147, -3.4932703227569543e-16, 0, 0.13070902560650147, 0.9914207737509837, 5.009862819031288e-16, 0, -0.17925435945633647, 0.011375741064738711, -0.212387590707102, 1], "parentIndex": 53}, "9b67942b8e3e4dd595d87ae2b702120e.joint": {"index": 6, "name": "Shoulder_R", "inverseBindPose": [-0.6631969270176188, -0.5736637849432016, -0.480707497173726, 0, -0.7445395568651592, 0.44014384168321496, 0.5019305199839653, 0, -0.07635891734054379, 0.6907845253572069, -0.7190174234812388, 0, 0.608295909166131, -0.5818444564639306, -0.6684684344449336, 1], "parentIndex": 5}, "3e711773ee39454fa27f48846182fa24.joint": {"index": 57, "name": "MiddleToe2_L", "inverseBindPose": [-8.456207063774917e-07, -1.0438836729896321e-06, 0.9999999999990977, 0, 0.3921360499472651, 0.9199072335459088, 1.2918745053172863e-06, 0, -0.9199072335464276, 0.3921360499480038, -3.6854818450225886e-07, 0, 0.07314453303150169, -0.03117959499827544, -0.21379041062558582, 1], "parentIndex": 56}, "1bfc3f2ebc094826a667918ad5880924.joint": {"index": 38, "name": "ThumbFinger1_L", "inverseBindPose": [-0.2492476259661698, 0.07728864709230344, -0.965350758005021, 0, 0.9324799134098755, -0.2499574498121625, -0.2607728597275998, 0, -0.2614513951719103, -0.9651672074381935, -0.009768809989958006, 0, -0.35196841926628436, 0.13051251371297362, 0.7183720323835486, 1], "parentIndex": 34}, "15ab97f6108a43a9bace8036ca458ed7.joint": {"index": 11, "name": "ElbowPart2_R", "inverseBindPose": [-0.47254040304923745, -0.8491565998437437, -0.23587843569914627, 0, -0.8666988918935129, 0.496285298618196, -0.05033818794915382, 0, 0.15980800441974252, 0.18064875121976398, -0.9704779391650897, 0, 0.29598305369605005, -0.7866600257678984, -0.1280685480352913, 1], "parentIndex": 10}, "33e9502ea0d64ee9a58615e1c69f0be6.joint": {"index": 30, "name": "ShoulderPart2_L", "inverseBindPose": [-0.6631969270176186, -0.5736637849432012, -0.4807074971737266, 0, 0.7445395568651595, -0.44014384168321413, -0.5019305199839658, 0, 0.07635891734054406, -0.6907845253572078, 0.7190174234812378, 0, -0.38451195408910566, 0.5818444564639293, 0.6684684376321953, 1], "parentIndex": 29}, "820b908166a0402782f7cd3062ffd63b.joint": {"index": 22, "name": "Neck_M", "inverseBindPose": [5.053215498074303e-16, -5.053215498074304e-16, 1.0000000000000002, 0, 1, -5.5511151231257587e-17, -5.053215498074304e-16, 0, 5.551115123125783e-17, 1.0000000000000002, 5.053215498074304e-16, 0, -1.110156538923397, 5.369048410357809e-05, 9.246372622125354e-17, 1], "parentIndex": 4}, "82197b87e2ac4180ba0bc2a87724dfb9.joint": {"index": 31, "name": "Elbow_L", "inverseBindPose": [-0.4725404030492367, -0.6935270853069208, -0.5438067206570293, 0, 0.8666988918935137, -0.4775797536990054, -0.14405071901019226, 0, -0.15980800441974302, -0.5393864670183018, 0.8267548856347293, 0, -0.47379229559986513, 0.6772095691764858, 0.4202650892870637, 1], "parentIndex": 30}, "ee5f189da3974b12a1b0158b410b4b2f.joint": {"index": 14, "name": "MiddleFinger2_R", "inverseBindPose": [-0.2794582814016845, -0.9601506628126407, -0.003711287709766464, 0, -0.9600768489658951, 0.2793824202712593, 0.014067953763521764, 0, -0.012470486587785459, 0.007494527591590581, -0.9998941539085243, 0, 0.2628580318347081, -0.7485802676935666, -0.052878999429007395, 1], "parentIndex": 13}, "9f48715e54bc494a9e06c646b9fadb05.joint": {"index": 20, "name": "IndexFinger2_R", "inverseBindPose": [-0.2519564222894855, -0.9641982612747445, -0.08270232295311815, 0, -0.9282793514144514, 0.2649532689634103, -0.2609544232297466, 0, 0.273524051967372, 0.011021715853805823, -0.9618020143329853, 0, 0.2429510042682278, -0.7347146264989293, 0.09683769387598053, 1], "parentIndex": 19}, "c7e7c83805e6455ca8d2d85620c6bc9e.joint": {"index": 18, "name": "ThumbFinger3_R", "inverseBindPose": [0.07947083156041808, 0.16762204545091103, -0.9826429854275393, 0, -0.8059160124207069, 0.5909568141578111, 0.03562898713628289, 0, 0.5866717718239074, 0.7890962512135655, 0.18205311990101736, 0, 0.3717157826295603, -0.20001731324290103, -0.6315626379815577, 1], "parentIndex": 17}, "4c9923f243e147f8a37c52719f0767c0.joint": {"index": 13, "name": "MiddleFinger1_R", "inverseBindPose": [-0.23697806246661093, -0.9715048955147457, 0.004431241412398833, 0, -0.9714065871423221, 0.23701729179530492, 0.013858060705787852, 0, -0.014513454656871398, -0.0010204807216197937, -0.9998941535247721, 0, 0.3280946928477012, -0.7384354166775166, -0.04762750045309922, 1], "parentIndex": 12}, "5e7dadacc84e4e879a5f476cd5abe021.joint": {"index": 28, "name": "Shoulder_L", "inverseBindPose": [-0.6631969270176186, -0.5736637849432012, -0.4807074971737266, 0, 0.7445395568651595, -0.44014384168321413, -0.5019305199839658, 0, 0.07635891734054406, -0.6907845253572078, 0.7190174234812378, 0, -0.608295909166132, 0.5818444564639299, 0.6684684344449341, 1], "parentIndex": 27}, "a6431e84dc2c495e91e8168ccf0072f8.joint": {"index": 33, "name": "ElbowPart2_L", "inverseBindPose": [-0.472540403049237, -0.8491566155482989, -0.23587837916312449, 0, 0.8666988918935131, -0.4962852952667268, 0.05033822099134705, 0, -0.15980800441974288, -0.18064868660628533, 0.9704779511925052, 0, -0.29598305369686295, 0.7866600342945763, 0.12806849566023068, 1], "parentIndex": 32}, "67dc8d23336f47048044d8ff2a67aecb.joint": {"index": 48, "name": "Ankle_R", "inverseBindPose": [1.0438278591838454e-10, -0.0003336351673151115, 0.9999999443437865, 0, -0.9999999999999734, -2.3286767566405478e-07, 2.6689941471384826e-11, 0, 2.3286765379881846e-07, -0.9999999443437596, -0.00033363516731512675, 0, 0.046889204946965614, -0.00536315155758737, 0.21238581318680128, 1], "parentIndex": 47}, "c085bca7678f44b8a4245157be3a3476.joint": {"index": 37, "name": "MiddleFinger3_L", "inverseBindPose": [-0.34036546623201214, -0.9402859012491002, -0.0037112408748769888, 0, 0.9402170962457774, -0.3402850349994917, -0.014067938105923288, 0, 0.01196500412964558, -0.008277612431191152, 0.9998941543026518, 0, -0.17783644704004561, 0.7297426586290822, 0.04842506330460182, 1], "parentIndex": 36}, "8b24565e3c4647b495a92b6fec3d4e05.joint": {"index": 21, "name": "IndexFinger3_R", "inverseBindPose": [-0.347452890349155, -0.9340432617208784, -0.08270232295311827, 0, -0.8970013199986868, 0.35677923274406803, -0.2609544232297467, 0, 0.27324919196336883, -0.01648527574466735, -0.9618020143329865, 0, 0.1294878908054199, -0.7251492610638863, 0.08516121099619325, 1], "parentIndex": 20}, "bdddb2056cae4fa8ac546e0ff440c2ee.joint": {"index": 17, "name": "ThumbFinger2_R", "inverseBindPose": [0.07947083156041808, 0.16762204545091103, -0.9826429854275393, 0, -0.8059160124207069, 0.5909568141578111, 0.03562898713628289, 0, 0.5866717718239074, 0.7890962512135655, 0.18205311990101736, 0, 0.4101642769782567, -0.23243251074842494, -0.6284023311134773, 1], "parentIndex": 16}, "6953ed21809a4cfdaad522d8528d6396.joint": {"index": 51, "name": "Hip_L", "inverseBindPose": [5.052794576216967e-16, -4.987994025147475e-16, 1, 0, 0.9999167021755755, 0.012906924897955306, -4.987994025147475e-16, 0, -0.012906924897955306, 0.9999167021755755, 5.052794576216967e-16, 0, -0.32358847065404994, -0.014463969340991959, -0.2123875907071018, 1], "parentIndex": 1}, "362dab95e7d94d1b81bd7630d6fb9e13.joint": {"index": 2, "name": "BackA_M", "inverseBindPose": [5.032479051937923e-16, -4.595895629946633e-16, 1, 0, 0.9958963859458829, 0.09050076496875037, -4.595895629946633e-16, 0, -0.09050076496875037, 0.9958963859458829, 5.032479051937923e-16, 0, -0.5603621853265458, -0.07636870724708866, 1.9083811453945943e-16, 1], "parentIndex": 1}}, "dataModelVersion": 2, "modified": "2015-07-07T20:33:14.357489+00:00", "id": "9d511d62b4c44cc69f71cc4e68fd3750.skeleton"}, "427cc32a2ecc41d4b20b0701b824f533.entity": {"name": "MotionSystem", "license": "CC0", "tags": {}, "deleted": false, "created": "2015-07-07T20:33:13.752393+00:00", "dataModelVersion": 2, "modified": "2015-07-07T20:33:13.752393+00:00", "static": false, "components": {"transform": {"rotation": [0, 0, 0], "scale": [1, 1, 1], "translation": [0, 0, 0], "children": {"7c1667e4632c48788f8433861221d50d.entity": {"entityRef": "7c1667e4632c48788f8433861221d50d.entity", "sortValue": 8}}}}, "hidden": false, "id": "427cc32a2ecc41d4b20b0701b824f533.entity"}, "659c1a60fe3a418eb9a956c7f95b0b8c.texture": {"wrapS": "Repeat", "minFilter": "Trilinear", "name": "Goon2_Reflect5", "license": "CC0", "flipY": true, "deleted": false, "magFilter": "Bilinear", "created": "2015-07-07T20:33:04.687737+00:00", "dataModelVersion": 2, "modified": "2015-07-07T20:33:08.852281+00:00", "matchFileName": "Goon2_Reflect5.jpg", "repeat": [1, 1], "anisotropy": 1, "offset": [0, 0], "id": "659c1a60fe3a418eb9a956c7f95b0b8c.texture", "generateMipmaps": true, "originalLicense": "CC0", "wrapT": "Repeat"}, "aeb3f512d0e14a42ad4d01746c57a73e.entity": {"name": "RootCenterBtwLegsBlended_M", "license": "CC0", "tags": {}, "deleted": false, "created": "2015-07-07T20:33:12.972705+00:00", "dataModelVersion": 2, "modified": "2015-07-07T20:33:12.972705+00:00", "static": false, "components": {"transform": {"rotation": [0, 0, 0], "scale": [1, 1, 1], "translation": [0, 0.31315954698487614, 3.469446951953614e-18], "children": {"8007f88c81b4475a8e53c526d996df11.entity": {"entityRef": "8007f88c81b4475a8e53c526d996df11.entity", "sortValue": 7}}}}, "hidden": false, "id": "aeb3f512d0e14a42ad4d01746c57a73e.entity"}, "4bcd325f42df45dfbf7544fe259e0ff1.entity": {"name": "Main", "license": "CC0", "tags": {}, "deleted": false, "created": "2015-07-07T20:33:13.073619+00:00", "dataModelVersion": 2, "modified": "2015-07-07T20:33:13.073619+00:00", "static": false, "components": {"transform": {"rotation": [0, 0, 0], "scale": [1, 1, 1], "translation": [0, 0, 0], "children": {"427cc32a2ecc41d4b20b0701b824f533.entity": {"entityRef": "427cc32a2ecc41d4b20b0701b824f533.entity", "sortValue": 3}, "216143719d70461fa84e8935640b7481.entity": {"entityRef": "216143719d70461fa84e8935640b7481.entity", "sortValue": 4}}}}, "hidden": false, "id": "4bcd325f42df45dfbf7544fe259e0ff1.entity"}, "4b5129dc4180464fb1062d20106e9eb3.clip": {"name": "idle_c", "license": "CC0", "created": "2015-07-07T20:33:13.154011+00:00", "deleted": false, "modified": "2015-07-07T20:33:13.154011+00:00", "dataModelVersion": 2, "channels": {"c0eb7d43ac934151b9fb222db92eb722.channel": {"name": "Hip_L", "translationSamples": [61740, 147, "float32"], "times": [62328, 49, "float32"], "blendType": "Linear", "jointIndex": 51, "scaleSamples": [61152, 147, "float32"], "rotationSamples": [60368, 196, "float32"], "type": "Joint"}, "78561f7353584a04912cda62d4c34572.channel": {"name": "Wrist_R", "translationSamples": [12152, 147, "float32"], "times": [12740, 49, "float32"], "blendType": "Linear", "jointIndex": 12, "scaleSamples": [11564, 147, "float32"], "rotationSamples": [10780, 196, "float32"], "type": "Joint"}, "3f630599b9dc4ee0992d4d69ed600e03.channel": {"name": "ElbowPart2_R", "translationSamples": [3528, 147, "float32"], "times": [4116, 49, "float32"], "blendType": "Linear", "jointIndex": 11, "scaleSamples": [2940, 147, "float32"], "rotationSamples": [2156, 196, "float32"], "type": "Joint"}, "049acb325a324a178bb01fadb836e3ca.channel": {"name": "IndexFinger1_L", "translationSamples": [5684, 147, "float32"], "times": [6272, 49, "float32"], "blendType": "Linear", "jointIndex": 41, "scaleSamples": [5096, 147, "float32"], "rotationSamples": [4312, 196, "float32"], "type": "Joint"}, "71aaea080921489fb752a17f6aa2a469.channel": {"name": "NeckPart1_M", "translationSamples": [7840, 147, "float32"], "times": [8428, 49, "float32"], "blendType": "Linear", "jointIndex": 23, "scaleSamples": [7252, 147, "float32"], "rotationSamples": [6468, 196, "float32"], "type": "Joint"}, "ef7a8298e885446d8e31edd9d8be2d2a.channel": {"name": "HipPart1_R", "translationSamples": [9996, 147, "float32"], "times": [10584, 49, "float32"], "blendType": "Linear", "jointIndex": 45, "scaleSamples": [9408, 147, "float32"], "rotationSamples": [8624, 196, "float32"], "type": "Joint"}, "4e8938020e694c029b92a70aa1940205.channel": {"name": "ElbowPart1_R", "translationSamples": [29400, 147, "float32"], "times": [29988, 49, "float32"], "blendType": "Linear", "jointIndex": 10, "scaleSamples": [28812, 147, "float32"], "rotationSamples": [28028, 196, "float32"], "type": "Joint"}, "7ddbeb8c65fb46f9803fe59263206ceb.channel": {"name": "Ankle_R", "translationSamples": [14308, 147, "float32"], "times": [14896, 49, "float32"], "blendType": "Linear", "jointIndex": 48, "scaleSamples": [13720, 147, "float32"], "rotationSamples": [12936, 196, "float32"], "type": "Joint"}, "23aa3e76187346918465b4927d94880b.channel": {"name": "ThumbFinger2_R", "translationSamples": [16464, 147, "float32"], "times": [17052, 49, "float32"], "blendType": "Linear", "jointIndex": 17, "scaleSamples": [15876, 147, "float32"], "rotationSamples": [15092, 196, "float32"], "type": "Joint"}, "0bfc953a0dcd452aab0dc1da78f05104.channel": {"name": "Ankle_L", "translationSamples": [18620, 147, "float32"], "times": [19208, 49, "float32"], "blendType": "Linear", "jointIndex": 55, "scaleSamples": [18032, 147, "float32"], "rotationSamples": [17248, 196, "float32"], "type": "Joint"}, "77941a41b4f54decb69b831627ec7618.channel": {"name": "IndexFinger2_R", "translationSamples": [20776, 147, "float32"], "times": [21364, 49, "float32"], "blendType": "Linear", "jointIndex": 20, "scaleSamples": [20188, 147, "float32"], "rotationSamples": [19404, 196, "float32"], "type": "Joint"}, "6c49907bd14a40b3bf379556665ad33e.channel": {"name": "ElbowPart1_L", "translationSamples": [48804, 147, "float32"], "times": [49392, 49, "float32"], "blendType": "Linear", "jointIndex": 32, "scaleSamples": [48216, 147, "float32"], "rotationSamples": [47432, 196, "float32"], "type": "Joint"}, "3b95695b732d44bba48206a3cd2fbbd4.channel": {"name": "ThumbFinger2_L", "translationSamples": [25088, 147, "float32"], "times": [25676, 49, "float32"], "blendType": "Linear", "jointIndex": 39, "scaleSamples": [24500, 147, "float32"], "rotationSamples": [23716, 196, "float32"], "type": "Joint"}, "c42db7fb8d1941d8b35780d0efef01c6.channel": {"name": "Wrist_L", "translationSamples": [96236, 147, "float32"], "times": [96824, 49, "float32"], "blendType": "Linear", "jointIndex": 34, "scaleSamples": [95648, 147, "float32"], "rotationSamples": [94864, 196, "float32"], "type": "Joint"}, "22b09ebc45d3478a81a4f847120ccfb9.channel": {"name": "ShoulderPart1_L", "translationSamples": [31556, 147, "float32"], "times": [32144, 49, "float32"], "blendType": "Linear", "jointIndex": 29, "scaleSamples": [30968, 147, "float32"], "rotationSamples": [30184, 196, "float32"], "type": "Joint"}, "ba4d7cce484747b7a27e6d58bbb20f00.channel": {"name": "IndexFinger1_R", "translationSamples": [33712, 147, "float32"], "times": [34300, 49, "float32"], "blendType": "Linear", "jointIndex": 19, "scaleSamples": [33124, 147, "float32"], "rotationSamples": [32340, 196, "float32"], "type": "Joint"}, "2aec99edcda04b8e9d920f1653b3084b.channel": {"name": "ShoulderPart2_R", "translationSamples": [35868, 147, "float32"], "times": [36456, 49, "float32"], "blendType": "Linear", "jointIndex": 8, "scaleSamples": [35280, 147, "float32"], "rotationSamples": [34496, 196, "float32"], "type": "Joint"}, "3f62960f78ec484eaadf2c129a0a5b67.channel": {"name": "Elbow_R", "translationSamples": [38024, 147, "float32"], "times": [38612, 49, "float32"], "blendType": "Linear", "jointIndex": 9, "scaleSamples": [37436, 147, "float32"], "rotationSamples": [36652, 196, "float32"], "type": "Joint"}, "8f9ff7694b484b9b878fe1dd624a906e.channel": {"name": "HipPart2_R", "translationSamples": [40180, 147, "float32"], "times": [40768, 49, "float32"], "blendType": "Linear", "jointIndex": 46, "scaleSamples": [39592, 147, "float32"], "rotationSamples": [38808, 196, "float32"], "type": "Joint"}, "2a6c970c1036447582cf5231311bea3d.channel": {"name": "MiddleToe1_L", "translationSamples": [42336, 147, "float32"], "times": [42924, 49, "float32"], "blendType": "Linear", "jointIndex": 56, "scaleSamples": [41748, 147, "float32"], "rotationSamples": [40964, 196, "float32"], "type": "Joint"}, "4f76d7e5d354458bbe28489c57f5773b.channel": {"name": "MiddleFinger1_L", "translationSamples": [44492, 147, "float32"], "times": [45080, 49, "float32"], "blendType": "Linear", "jointIndex": 35, "scaleSamples": [43904, 147, "float32"], "rotationSamples": [43120, 196, "float32"], "type": "Joint"}, "9dc8d24a03044e60bac4b6371b8ad8cf.channel": {"name": "MiddleToe1_R", "translationSamples": [46648, 147, "float32"], "times": [47236, 49, "float32"], "blendType": "Linear", "jointIndex": 49, "scaleSamples": [46060, 147, "float32"], "rotationSamples": [45276, 196, "float32"], "type": "Joint"}, "e574747fffd8421699bf2e89ed07c3bc.channel": {"name": "Knee_L", "translationSamples": [83300, 147, "float32"], "times": [83888, 49, "float32"], "blendType": "Linear", "jointIndex": 54, "scaleSamples": [82712, 147, "float32"], "rotationSamples": [81928, 196, "float32"], "type": "Joint"}, "f131e5cb6f504b6abb88962791e80cfe.channel": {"name": "Scapula_L", "translationSamples": [1372, 147, "float32"], "times": [1960, 49, "float32"], "blendType": "Linear", "jointIndex": 27, "scaleSamples": [784, 147, "float32"], "rotationSamples": [0, 196, "float32"], "type": "Joint"}, "49202a5cd3e84392a8a268d3b12c5a15.channel": {"name": "ElbowPart2_L", "translationSamples": [50960, 147, "float32"], "times": [51548, 49, "float32"], "blendType": "Linear", "jointIndex": 33, "scaleSamples": [50372, 147, "float32"], "rotationSamples": [49588, 196, "float32"], "type": "Joint"}, "fc334ac77a604b828a5f2c3b16c0574d.channel": {"name": "BackA_M", "translationSamples": [53116, 147, "float32"], "times": [53704, 49, "float32"], "blendType": "Linear", "jointIndex": 2, "scaleSamples": [52528, 147, "float32"], "rotationSamples": [51744, 196, "float32"], "type": "Joint"}, "42c1c167690a4550be544bfc37db5747.channel": {"name": "Shoulder_L", "translationSamples": [98392, 147, "float32"], "times": [98980, 49, "float32"], "blendType": "Linear", "jointIndex": 28, "scaleSamples": [97804, 147, "float32"], "rotationSamples": [97020, 196, "float32"], "type": "Joint"}, "579b9ae791f94c84baac7c0a655a6622.channel": {"name": "HipPart1_L", "translationSamples": [57428, 147, "float32"], "times": [58016, 49, "float32"], "blendType": "Linear", "jointIndex": 52, "scaleSamples": [56840, 147, "float32"], "rotationSamples": [56056, 196, "float32"], "type": "Joint"}, "187c1857e3f0488f9404060a829aba94.channel": {"name": "HipPart2_L", "translationSamples": [59584, 147, "float32"], "times": [60172, 49, "float32"], "blendType": "Linear", "jointIndex": 53, "scaleSamples": [58996, 147, "float32"], "rotationSamples": [58212, 196, "float32"], "type": "Joint"}, "fa286fdf53164abfb5f506a19a477533.channel": {"name": "MiddleFinger1_R", "translationSamples": [63896, 147, "float32"], "times": [64484, 49, "float32"], "blendType": "Linear", "jointIndex": 13, "scaleSamples": [63308, 147, "float32"], "rotationSamples": [62524, 196, "float32"], "type": "Joint"}, "6e56c11d74a84c31a9d0444d63f689bc.channel": {"name": "Head_M", "translationSamples": [66052, 147, "float32"], "times": [66640, 49, "float32"], "blendType": "Linear", "jointIndex": 25, "scaleSamples": [65464, 147, "float32"], "rotationSamples": [64680, 196, "float32"], "type": "Joint"}, "bcc3c63416474687a351bb12dd9e10d2.channel": {"name": "Chest_M", "translationSamples": [68208, 147, "float32"], "times": [68796, 49, "float32"], "blendType": "Linear", "jointIndex": 4, "scaleSamples": [67620, 147, "float32"], "rotationSamples": [66836, 196, "float32"], "type": "Joint"}, "cf55b9639e4747358fa33a27983688e0.channel": {"name": "IndexFinger2_L", "translationSamples": [70364, 147, "float32"], "times": [70952, 49, "float32"], "blendType": "Linear", "jointIndex": 42, "scaleSamples": [69776, 147, "float32"], "rotationSamples": [68992, 196, "float32"], "type": "Joint"}, "40ab6697d155410b9899a9f88fa83310.channel": {"name": "ThumbFinger1_L", "translationSamples": [72520, 147, "float32"], "times": [73108, 49, "float32"], "blendType": "Linear", "jointIndex": 38, "scaleSamples": [71932, 147, "float32"], "rotat